function cmp = bbr()

cmp = [
0	1.0000	1.0000
0	0.9537	0.9947
0	0.9092	0.9895
0	0.8664	0.9842
0	0.8253	0.9789
0	0.7858	0.9736
0	0.7480	0.9683
0	0.7116	0.9629
0	0.6768	0.9576
0	0.6434	0.9522
0	0.6114	0.9468
0	0.5807	0.9414
0	0.5513	0.9360
0	0.5231	0.9305
0	0.4962	0.9251
0	0.4704	0.9196
0	0.4458	0.9141
0	0.4222	0.9086
0	0.3997	0.9031
0	0.3782	0.8976
0	0.3577	0.8920
0	0.3381	0.8865
0	0.3194	0.8809
0	0.3016	0.8753
0	0.2846	0.8697
0	0.2684	0.8640
0	0.2530	0.8584
0	0.2383	0.8527
0	0.2244	0.8470
0	0.2111	0.8413
0	0.1985	0.8356
0	0.1866	0.8298
0	0.1752	0.8240
0	0.1644	0.8182
0	0.1542	0.8124
0	0.1445	0.8066
0	0.1353	0.8007
0	0.1267	0.7949
0	0.1184	0.7890
0	0.1107	0.7830
0	0.1033	0.7771
0	0.0964	0.7711
0	0.0899	0.7651
0	0.0837	0.7591
0	0.0779	0.7531
0	0.0725	0.7470
0	0.0673	0.7409
0	0.0625	0.7348
0	0.0579	0.7287
0	0.0537	0.7225
0	0.0497	0.7163
0	0.0459	0.7101
0	0.0424	0.7039
0	0.0391	0.6976
0	0.0361	0.6913
0	0.0332	0.6850
0	0.0305	0.6786
0	0.0280	0.6722
0	0.0257	0.6658
0	0.0236	0.6594
0	0.0216	0.6529
0	0.0197	0.6464
0	0.0180	0.6398
0	0.0164	0.6333
0	0.0149	0.6266
0	0.0135	0.6200
0	0.0123	0.6133
0	0.0111	0.6066
0	0.0101	0.5998
0	0.0091	0.5930
0	0.0082	0.5862
0	0.0074	0.5793
0	0.0066	0.5724
0	0.0059	0.5654
0	0.0053	0.5584
0	0.0047	0.5514
0	0.0042	0.5443
0	0.0037	0.5372
0	0.0033	0.5300
0	0.0029	0.5227
0	0.0026	0.5155
0	0.0023	0.5081
0	0.0020	0.5007
0	0.0017	0.4933
0	0.0015	0.4858
0	0.0013	0.4782
0	0.0011	0.4706
0	0.0010	0.4629
0	0.0008	0.4552
0	0.0007	0.4474
0	0.0006	0.4395
0	0.0005	0.4315
0	0.0004	0.4235
0	0.0004	0.4154
0	0.0003	0.4072
0	0.0003	0.3989
0	0.0002	0.3906
0	0.0002	0.3821
0	0.0001	0.3736
0	0.0001	0.3650
0	0.0001	0.3562
0	0.0001	0.3474
0	0.0001	0.3384
0	0.0000	0.3293
0	0.0000	0.3201
0	0.0000	0.3108
0	0.0000	0.3013
0	0.0000	0.2916
0	0.0000	0.2818
0	0.0000	0.2718
0	0.0000	0.2617
0	0.0000	0.2513
0	0.0000	0.2407
0	0.0000	0.2299
0	0.0000	0.2188
0	0.0000	0.2075
0	0.0000	0.1958
0	0.0000	0.1837
0	0.0000	0.1712
0	0.0000	0.1583
0	0.0000	0.1448
0	0.0000	0.1307
0	0.0000	0.1157
0	0.0000	0.0997
0	0.0000	0.0823
0	0.0000	0.0628
0	0.0000	0.0396
0	0	0
0	0	0
0.0396	0.0000	0
0.0628	0.0000	0
0.0823	0.0000	0
0.0997	0.0000	0
0.1157	0.0000	0
0.1307	0.0000	0
0.1448	0.0000	0
0.1583	0.0000	0
0.1712	0.0000	0
0.1837	0.0000	0
0.1958	0.0000	0
0.2075	0.0000	0
0.2188	0.0000	0
0.2299	0.0000	0
0.2407	0.0000	0
0.2513	0.0000	0
0.2617	0.0000	0
0.2718	0.0000	0
0.2818	0.0000	0
0.2916	0.0000	0
0.3013	0.0000	0
0.3108	0.0000	0
0.3201	0.0000	0
0.3293	0.0000	0
0.3384	0.0001	0
0.3474	0.0001	0
0.3562	0.0001	0
0.3650	0.0001	0
0.3736	0.0001	0
0.3821	0.0002	0
0.3906	0.0002	0
0.3989	0.0003	0
0.4072	0.0003	0
0.4154	0.0004	0
0.4235	0.0004	0
0.4315	0.0005	0
0.4395	0.0006	0
0.4474	0.0007	0
0.4552	0.0008	0
0.4629	0.0010	0
0.4706	0.0011	0
0.4782	0.0013	0
0.4858	0.0015	0
0.4933	0.0017	0
0.5007	0.0020	0
0.5081	0.0023	0
0.5155	0.0026	0
0.5227	0.0029	0
0.5300	0.0033	0
0.5372	0.0037	0
0.5443	0.0042	0
0.5514	0.0047	0
0.5584	0.0053	0
0.5654	0.0059	0
0.5724	0.0066	0
0.5793	0.0074	0
0.5862	0.0082	0
0.5930	0.0091	0
0.5998	0.0101	0
0.6066	0.0111	0
0.6133	0.0123	0
0.6200	0.0135	0
0.6266	0.0149	0
0.6333	0.0164	0
0.6398	0.0180	0
0.6464	0.0197	0
0.6529	0.0216	0
0.6594	0.0236	0
0.6658	0.0257	0
0.6722	0.0280	0
0.6786	0.0305	0
0.6850	0.0332	0
0.6913	0.0361	0
0.6976	0.0391	0
0.7039	0.0424	0
0.7101	0.0459	0
0.7163	0.0497	0
0.7225	0.0537	0
0.7287	0.0579	0
0.7348	0.0625	0
0.7409	0.0673	0
0.7470	0.0725	0
0.7531	0.0779	0
0.7591	0.0837	0
0.7651	0.0899	0
0.7711	0.0964	0
0.7771	0.1033	0
0.7830	0.1107	0
0.7890	0.1184	0
0.7949	0.1267	0
0.8007	0.1353	0
0.8066	0.1445	0
0.8124	0.1542	0
0.8182	0.1644	0
0.8240	0.1752	0
0.8298	0.1866	0
0.8356	0.1985	0
0.8413	0.2111	0
0.8470	0.2244	0
0.8527	0.2383	0
0.8584	0.2530	0
0.8640	0.2684	0
0.8697	0.2846	0
0.8753	0.3016	0
0.8809	0.3194	0
0.8865	0.3381	0
0.8920	0.3577	0
0.8976	0.3782	0
0.9031	0.3997	0
0.9086	0.4222	0
0.9141	0.4458	0
0.9196	0.4704	0
0.9251	0.4962	0
0.9305	0.5231	0
0.9360	0.5513	0
0.9414	0.5807	0
0.9468	0.6114	0
0.9522	0.6434	0
0.9576	0.6768	0
0.9629	0.7116	0
0.9683	0.7480	0
0.9736	0.7858	0
0.9789	0.8253	0
0.9842	0.8664	0
0.9895	0.9092	0
0.9947	0.9537	0
1.0000	1.0000	0];