function cmp = winferno()

cmp = [
1.0000	1.0000	1.0000
0.9999	1.0000	0.9971
0.9996	0.9998	0.9940
0.9993	0.9997	0.9907
0.9989	0.9994	0.9872
0.9985	0.9991	0.9834
0.9980	0.9987	0.9794
0.9975	0.9982	0.9751
0.9970	0.9976	0.9706
0.9965	0.9969	0.9659
0.9960	0.9961	0.9609
0.9955	0.9952	0.9557
0.9951	0.9942	0.9502
0.9947	0.9931	0.9446
0.9943	0.9919	0.9387
0.9940	0.9906	0.9327
0.9938	0.9891	0.9265
0.9936	0.9876	0.9201
0.9934	0.9859	0.9136
0.9933	0.9841	0.9069
0.9932	0.9822	0.9002
0.9932	0.9801	0.8932
0.9932	0.9780	0.8862
0.9932	0.9757	0.8791
0.9933	0.9734	0.8718
0.9934	0.9709	0.8645
0.9935	0.9683	0.8571
0.9936	0.9656	0.8496
0.9937	0.9628	0.8420
0.9939	0.9599	0.8343
0.9940	0.9569	0.8266
0.9942	0.9538	0.8188
0.9944	0.9506	0.8109
0.9946	0.9473	0.8029
0.9947	0.9439	0.7949
0.9949	0.9404	0.7869
0.9951	0.9368	0.7787
0.9952	0.9331	0.7706
0.9954	0.9293	0.7624
0.9955	0.9254	0.7541
0.9956	0.9215	0.7458
0.9957	0.9174	0.7375
0.9958	0.9133	0.7291
0.9959	0.9091	0.7207
0.9959	0.9048	0.7123
0.9960	0.9004	0.7039
0.9960	0.8959	0.6956
0.9959	0.8913	0.6872
0.9959	0.8867	0.6789
0.9958	0.8820	0.6706
0.9957	0.8772	0.6624
0.9955	0.8723	0.6544
0.9954	0.8674	0.6465
0.9951	0.8624	0.6390
0.9949	0.8573	0.6318
0.9946	0.8521	0.6250
0.9943	0.8469	0.6185
0.9939	0.8416	0.6123
0.9935	0.8363	0.6064
0.9930	0.8308	0.6009
0.9925	0.8254	0.5957
0.9919	0.8198	0.5908
0.9913	0.8142	0.5863
0.9907	0.8086	0.5820
0.9899	0.8028	0.5782
0.9892	0.7971	0.5746
0.9884	0.7912	0.5712
0.9875	0.7854	0.5679
0.9866	0.7795	0.5648
0.9856	0.7735	0.5618
0.9845	0.7675	0.5589
0.9834	0.7614	0.5561
0.9822	0.7553	0.5534
0.9810	0.7492	0.5508
0.9797	0.7430	0.5482
0.9784	0.7368	0.5458
0.9769	0.7305	0.5434
0.9754	0.7242	0.5411
0.9739	0.7179	0.5389
0.9722	0.7116	0.5367
0.9705	0.7052	0.5346
0.9687	0.6988	0.5326
0.9669	0.6924	0.5307
0.9650	0.6860	0.5288
0.9630	0.6795	0.5270
0.9609	0.6730	0.5252
0.9588	0.6666	0.5235
0.9565	0.6601	0.5219
0.9542	0.6536	0.5203
0.9519	0.6471	0.5188
0.9494	0.6405	0.5174
0.9469	0.6340	0.5160
0.9443	0.6275	0.5147
0.9416	0.6210	0.5134
0.9388	0.6145	0.5122
0.9359	0.6080	0.5111
0.9330	0.6015	0.5100
0.9300	0.5950	0.5090
0.9268	0.5885	0.5080
0.9237	0.5820	0.5071
0.9204	0.5756	0.5062
0.9170	0.5692	0.5054
0.9136	0.5628	0.5047
0.9101	0.5564	0.5040
0.9065	0.5500	0.5033
0.9028	0.5437	0.5027
0.8990	0.5374	0.5022
0.8952	0.5311	0.5017
0.8913	0.5249	0.5012
0.8873	0.5187	0.5008
0.8832	0.5125	0.5005
0.8790	0.5063	0.5001
0.8748	0.5002	0.4998
0.8705	0.4942	0.4996
0.8661	0.4881	0.4994
0.8616	0.4821	0.4992
0.8570	0.4762	0.4990
0.8524	0.4703	0.4989
0.8477	0.4644	0.4988
0.8429	0.4586	0.4988
0.8381	0.4528	0.4987
0.8332	0.4470	0.4987
0.8282	0.4413	0.4987
0.8232	0.4357	0.4987
0.8180	0.4301	0.4988
0.8128	0.4245	0.4988
0.8076	0.4190	0.4989
0.8023	0.4135	0.4990
0.7969	0.4080	0.4991
0.7915	0.4026	0.4992
0.7860	0.3973	0.4993
0.7804	0.3920	0.4994
0.7748	0.3867	0.4995
0.7691	0.3815	0.4996
0.7634	0.3763	0.4998
0.7576	0.3711	0.4999
0.7518	0.3660	0.5000
0.7459	0.3609	0.5001
0.7399	0.3559	0.5002
0.7340	0.3509	0.5002
0.7279	0.3459	0.5003
0.7218	0.3410	0.5004
0.7157	0.3361	0.5004
0.7096	0.3313	0.5005
0.7033	0.3265	0.5005
0.6971	0.3217	0.5005
0.6908	0.3169	0.5005
0.6845	0.3122	0.5004
0.6781	0.3075	0.5004
0.6717	0.3028	0.5003
0.6653	0.2981	0.5002
0.6588	0.2935	0.5000
0.6523	0.2889	0.4999
0.6458	0.2844	0.4997
0.6392	0.2798	0.4995
0.6326	0.2753	0.4993
0.6260	0.2708	0.4990
0.6194	0.2663	0.4987
0.6127	0.2618	0.4984
0.6060	0.2574	0.4980
0.5993	0.2529	0.4976
0.5925	0.2485	0.4972
0.5858	0.2441	0.4968
0.5790	0.2397	0.4963
0.5722	0.2354	0.4957
0.5653	0.2310	0.4952
0.5585	0.2267	0.4946
0.5516	0.2223	0.4940
0.5448	0.2180	0.4933
0.5379	0.2137	0.4926
0.5310	0.2094	0.4919
0.5240	0.2051	0.4911
0.5171	0.2008	0.4903
0.5101	0.1965	0.4894
0.5032	0.1922	0.4885
0.4962	0.1880	0.4875
0.4892	0.1837	0.4866
0.4822	0.1795	0.4855
0.4752	0.1752	0.4844
0.4682	0.1710	0.4833
0.4611	0.1668	0.4821
0.4541	0.1626	0.4809
0.4470	0.1584	0.4796
0.4400	0.1542	0.4783
0.4329	0.1500	0.4769
0.4258	0.1459	0.4755
0.4187	0.1417	0.4740
0.4116	0.1376	0.4724
0.4044	0.1335	0.4707
0.3973	0.1294	0.4690
0.3901	0.1254	0.4672
0.3830	0.1214	0.4654
0.3758	0.1174	0.4634
0.3686	0.1135	0.4614
0.3614	0.1097	0.4592
0.3541	0.1059	0.4569
0.3469	0.1022	0.4546
0.3396	0.0986	0.4521
0.3323	0.0951	0.4494
0.3250	0.0917	0.4467
0.3176	0.0884	0.4437
0.3102	0.0853	0.4407
0.3028	0.0824	0.4374
0.2954	0.0796	0.4339
0.2879	0.0770	0.4302
0.2804	0.0747	0.4263
0.2728	0.0726	0.4222
0.2653	0.0708	0.4177
0.2576	0.0691	0.4130
0.2500	0.0678	0.4080
0.2423	0.0666	0.4027
0.2346	0.0657	0.3971
0.2268	0.0650	0.3911
0.2191	0.0645	0.3847
0.2113	0.0641	0.3780
0.2035	0.0639	0.3708
0.1958	0.0638	0.3634
0.1880	0.0638	0.3555
0.1803	0.0637	0.3473
0.1727	0.0636	0.3388
0.1651	0.0635	0.3300
0.1576	0.0632	0.3208
0.1503	0.0628	0.3115
0.1430	0.0623	0.3020
0.1359	0.0616	0.2922
0.1289	0.0608	0.2824
0.1220	0.0597	0.2724
0.1153	0.0585	0.2624
0.1088	0.0571	0.2524
0.1024	0.0555	0.2423
0.0962	0.0537	0.2323
0.0901	0.0518	0.2222
0.0841	0.0497	0.2123
0.0783	0.0474	0.2023
0.0727	0.0450	0.1925
0.0671	0.0425	0.1827
0.0617	0.0399	0.1730
0.0564	0.0373	0.1634
0.0512	0.0346	0.1539
0.0460	0.0320	0.1445
0.0410	0.0293	0.1352
0.0363	0.0266	0.1260
0.0320	0.0240	0.1169
0.0280	0.0215	0.1079
0.0243	0.0190	0.0990
0.0209	0.0166	0.0902
0.0178	0.0144	0.0814
0.0150	0.0122	0.0728
0.0124	0.0102	0.0642
0.0101	0.0083	0.0557
0.0081	0.0065	0.0472
0.0063	0.0049	0.0388
0.0047	0.0035	0.0310
0.0034	0.0023	0.0243
0.0023	0.0013	0.0186
0.0015	0.0005	0.0139];