function cmp = wviridis()

cmp = [
1.0000	1.0000	1.0000
0.9999	0.9996	0.9966
0.9998	0.9992	0.9932
0.9996	0.9989	0.9897
0.9993	0.9984	0.9862
0.9989	0.9980	0.9826
0.9985	0.9976	0.9790
0.9980	0.9972	0.9754
0.9974	0.9967	0.9718
0.9967	0.9963	0.9682
0.9959	0.9958	0.9646
0.9951	0.9954	0.9610
0.9942	0.9949	0.9574
0.9932	0.9944	0.9539
0.9921	0.9939	0.9504
0.9909	0.9934	0.9470
0.9897	0.9928	0.9437
0.9883	0.9923	0.9404
0.9869	0.9918	0.9372
0.9854	0.9912	0.9341
0.9838	0.9906	0.9310
0.9822	0.9901	0.9280
0.9804	0.9895	0.9250
0.9786	0.9889	0.9222
0.9766	0.9882	0.9194
0.9746	0.9876	0.9166
0.9726	0.9869	0.9139
0.9704	0.9863	0.9113
0.9681	0.9856	0.9088
0.9658	0.9849	0.9063
0.9634	0.9842	0.9038
0.9609	0.9834	0.9015
0.9583	0.9827	0.8991
0.9557	0.9819	0.8969
0.9530	0.9811	0.8946
0.9502	0.9803	0.8925
0.9473	0.9795	0.8904
0.9443	0.9786	0.8883
0.9413	0.9778	0.8863
0.9382	0.9769	0.8843
0.9350	0.9759	0.8823
0.9318	0.9750	0.8804
0.9284	0.9740	0.8786
0.9250	0.9731	0.8768
0.9216	0.9721	0.8750
0.9181	0.9710	0.8733
0.9145	0.9700	0.8716
0.9108	0.9689	0.8699
0.9071	0.9678	0.8683
0.9033	0.9666	0.8667
0.8994	0.9655	0.8652
0.8955	0.9643	0.8636
0.8915	0.9631	0.8621
0.8875	0.9618	0.8607
0.8834	0.9606	0.8593
0.8792	0.9593	0.8579
0.8750	0.9579	0.8565
0.8708	0.9566	0.8551
0.8665	0.9552	0.8538
0.8621	0.9538	0.8525
0.8577	0.9523	0.8512
0.8532	0.9509	0.8500
0.8487	0.9494	0.8488
0.8442	0.9478	0.8475
0.8396	0.9463	0.8464
0.8349	0.9447	0.8452
0.8302	0.9431	0.8440
0.8255	0.9414	0.8429
0.8207	0.9397	0.8418
0.8159	0.9380	0.8407
0.8111	0.9363	0.8396
0.8063	0.9345	0.8385
0.8014	0.9327	0.8374
0.7964	0.9308	0.8364
0.7915	0.9290	0.8353
0.7865	0.9271	0.8343
0.7815	0.9251	0.8333
0.7765	0.9231	0.8323
0.7715	0.9211	0.8312
0.7664	0.9191	0.8302
0.7614	0.9170	0.8292
0.7563	0.9149	0.8282
0.7512	0.9128	0.8272
0.7462	0.9107	0.8263
0.7411	0.9085	0.8253
0.7360	0.9062	0.8243
0.7309	0.9040	0.8233
0.7259	0.9017	0.8223
0.7208	0.8994	0.8213
0.7158	0.8970	0.8204
0.7108	0.8946	0.8194
0.7058	0.8922	0.8184
0.7009	0.8897	0.8174
0.6960	0.8873	0.8164
0.6911	0.8847	0.8154
0.6863	0.8822	0.8144
0.6815	0.8796	0.8133
0.6767	0.8770	0.8123
0.6720	0.8743	0.8113
0.6674	0.8717	0.8102
0.6628	0.8690	0.8092
0.6583	0.8662	0.8081
0.6539	0.8635	0.8071
0.6495	0.8607	0.8060
0.6452	0.8578	0.8049
0.6410	0.8550	0.8038
0.6368	0.8521	0.8027
0.6328	0.8491	0.8016
0.6288	0.8462	0.8004
0.6248	0.8432	0.7993
0.6210	0.8402	0.7981
0.6172	0.8371	0.7969
0.6135	0.8340	0.7957
0.6099	0.8309	0.7945
0.6064	0.8278	0.7933
0.6029	0.8246	0.7921
0.5995	0.8214	0.7908
0.5961	0.8182	0.7896
0.5928	0.8150	0.7883
0.5896	0.8117	0.7870
0.5864	0.8083	0.7857
0.5833	0.8050	0.7844
0.5802	0.8016	0.7831
0.5772	0.7982	0.7817
0.5742	0.7948	0.7803
0.5713	0.7913	0.7790
0.5684	0.7878	0.7776
0.5655	0.7843	0.7762
0.5627	0.7808	0.7747
0.5598	0.7772	0.7733
0.5571	0.7736	0.7718
0.5543	0.7700	0.7704
0.5516	0.7663	0.7689
0.5489	0.7626	0.7674
0.5462	0.7589	0.7659
0.5435	0.7551	0.7644
0.5409	0.7514	0.7628
0.5382	0.7476	0.7613
0.5356	0.7437	0.7597
0.5330	0.7399	0.7581
0.5305	0.7360	0.7565
0.5279	0.7321	0.7549
0.5253	0.7281	0.7533
0.5228	0.7241	0.7517
0.5203	0.7201	0.7501
0.5178	0.7161	0.7484
0.5153	0.7120	0.7468
0.5128	0.7079	0.7451
0.5103	0.7038	0.7434
0.5078	0.6996	0.7417
0.5054	0.6954	0.7400
0.5030	0.6912	0.7383
0.5006	0.6870	0.7366
0.4982	0.6827	0.7349
0.4958	0.6784	0.7332
0.4934	0.6740	0.7314
0.4911	0.6696	0.7297
0.4888	0.6652	0.7279
0.4865	0.6608	0.7261
0.4842	0.6563	0.7243
0.4819	0.6518	0.7225
0.4796	0.6472	0.7207
0.4774	0.6427	0.7189
0.4752	0.6380	0.7171
0.4730	0.6334	0.7153
0.4709	0.6287	0.7134
0.4687	0.6240	0.7116
0.4666	0.6192	0.7097
0.4645	0.6144	0.7078
0.4625	0.6096	0.7060
0.4604	0.6047	0.7041
0.4584	0.5998	0.7021
0.4564	0.5948	0.7002
0.4544	0.5898	0.6983
0.4525	0.5848	0.6963
0.4506	0.5797	0.6944
0.4487	0.5746	0.6924
0.4468	0.5694	0.6904
0.4450	0.5642	0.6883
0.4432	0.5590	0.6863
0.4414	0.5537	0.6842
0.4396	0.5484	0.6822
0.4379	0.5430	0.6800
0.4361	0.5376	0.6779
0.4344	0.5321	0.6757
0.4328	0.5266	0.6736
0.4311	0.5210	0.6713
0.4295	0.5154	0.6691
0.4278	0.5097	0.6668
0.4262	0.5040	0.6645
0.4246	0.4982	0.6621
0.4231	0.4924	0.6597
0.4215	0.4866	0.6573
0.4199	0.4807	0.6548
0.4184	0.4747	0.6523
0.4169	0.4687	0.6497
0.4153	0.4626	0.6471
0.4138	0.4565	0.6444
0.4123	0.4503	0.6417
0.4108	0.4441	0.6389
0.4093	0.4378	0.6360
0.4077	0.4315	0.6331
0.4062	0.4251	0.6301
0.4047	0.4187	0.6271
0.4031	0.4122	0.6240
0.4016	0.4057	0.6208
0.4000	0.3991	0.6175
0.3985	0.3924	0.6142
0.3969	0.3857	0.6108
0.3952	0.3790	0.6073
0.3936	0.3722	0.6037
0.3919	0.3653	0.6000
0.3903	0.3584	0.5962
0.3885	0.3514	0.5924
0.3868	0.3444	0.5884
0.3850	0.3374	0.5844
0.3832	0.3302	0.5802
0.3813	0.3231	0.5760
0.3795	0.3158	0.5716
0.3775	0.3086	0.5672
0.3755	0.3012	0.5626
0.3735	0.2939	0.5579
0.3714	0.2864	0.5531
0.3693	0.2790	0.5482
0.3672	0.2714	0.5432
0.3649	0.2638	0.5381
0.3627	0.2562	0.5328
0.3603	0.2485	0.5275
0.3579	0.2408	0.5220
0.3555	0.2330	0.5164
0.3530	0.2251	0.5107
0.3504	0.2172	0.5049
0.3477	0.2093	0.4989
0.3450	0.2013	0.4928
0.3423	0.1932	0.4867
0.3394	0.1850	0.4803
0.3365	0.1768	0.4739
0.3335	0.1685	0.4674
0.3305	0.1602	0.4607
0.3274	0.1517	0.4539
0.3242	0.1432	0.4470
0.3209	0.1346	0.4399
0.3176	0.1259	0.4328
0.3141	0.1170	0.4255
0.3106	0.1080	0.4181
0.3071	0.0989	0.4106
0.3034	0.0896	0.4030
0.2997	0.0801	0.3953
0.2959	0.0704	0.3875
0.2920	0.0604	0.3795
0.2880	0.0505	0.3714
0.2840	0.0408	0.3632
0.2799	0.0315	0.3549
0.2757	0.0224	0.3465
0.2714	0.0135	0.3380
0.2670	0.0049	0.3294];