function rgb = b()

rgb = [52 55 151]/255;