function rgb = dc()

rgb = [34 142 143]/255;