function rgb = g()

rgb = [114 192 8]/255;