function rgb = o()

rgb = [237 163 67]/255;