function rgb = r()

rgb = [209 20 24]/255;