function rgb = y()

rgb = [243 168 23]/255;